# Subhalo Number and index of massive ellpiticals with no major mergers and minor mergers over lifetime <0.1 of mass
23.000000 23.000000
25.000000 25.000000
16946.000000 84.000000
16951.000000 89.000000
30431.000000 128.000000
30432.000000 129.000000
30440.000000 137.000000
41105.000000 189.000000
51816.000000 221.000000
51817.000000 222.000000
66081.000000 277.000000
73669.000000 307.000000
86195.000000 374.000000
110571.000000 458.000000
123774.000000 511.000000
123778.000000 515.000000
138415.000000 576.000000
149091.000000 625.000000
152866.000000 643.000000
154949.000000 648.000000
161361.000000 670.000000
163933.000000 682.000000
170091.000000 711.000000
177130.000000 748.000000
185230.000000 785.000000
185231.000000 786.000000
188238.000000 795.000000
188240.000000 797.000000
189945.000000 800.000000
194303.000000 814.000000
195486.000000 820.000000
196774.000000 829.000000
198179.000000 833.000000
198180.000000 834.000000
204396.000000 872.000000
211756.000000 911.000000
213907.000000 918.000000
218651.000000 940.000000
230215.000000 1008.000000
230993.000000 1010.000000
233087.000000 1022.000000
235352.000000 1035.000000
236045.000000 1037.000000
238393.000000 1048.000000
239606.000000 1055.000000
240028.000000 1059.000000
240029.000000 1060.000000
242515.000000 1070.000000
245224.000000 1086.000000
246642.000000 1091.000000
251546.000000 1119.000000
255612.000000 1145.000000
268410.000000 1224.000000
270383.000000 1237.000000
273068.000000 1253.000000
275494.000000 1268.000000
280479.000000 1304.000000
281154.000000 1307.000000
282197.000000 1313.000000
283107.000000 1319.000000
288283.000000 1358.000000
289656.000000 1370.000000
290196.000000 1373.000000
291440.000000 1383.000000
292572.000000 1394.000000
294962.000000 1412.000000
295314.000000 1413.000000
296235.000000 1422.000000
298753.000000 1439.000000
300341.000000 1454.000000
300695.000000 1456.000000
302171.000000 1466.000000
307630.000000 1505.000000
308748.000000 1513.000000
309593.000000 1523.000000
310704.000000 1532.000000
310951.000000 1533.000000
311140.000000 1535.000000
315656.000000 1579.000000
316125.000000 1581.000000
321411.000000 1625.000000
322234.000000 1632.000000
323552.000000 1644.000000
325835.000000 1665.000000
329732.000000 1700.000000
331451.000000 1715.000000
332721.000000 1725.000000
337450.000000 1773.000000
339972.000000 1796.000000
340467.000000 1799.000000
340966.000000 1803.000000
341270.000000 1806.000000
341618.000000 1808.000000
344090.000000 1838.000000
344527.000000 1841.000000
345729.000000 1856.000000
346373.000000 1861.000000
346523.000000 1862.000000
349346.000000 1892.000000
349733.000000 1897.000000
350144.000000 1902.000000
350919.000000 1910.000000
352323.000000 1926.000000
354838.000000 1954.000000
359184.000000 2004.000000
372778.000000 2166.000000
375705.000000 2199.000000
378583.000000 2241.000000
389779.000000 2395.000000
390300.000000 2404.000000
