# Subhalo Number and index of massive ellpiticals with no major mergers and minor mergers over lifetime <0.1 of mass
21.000000 21.000000
16956.000000 94.000000
41088.000000 172.000000
41089.000000 173.000000
73664.000000 302.000000
80737.000000 339.000000
93165.000000 390.000000
110566.000000 453.000000
117343.000000 486.000000
117348.000000 491.000000
149090.000000 624.000000
223484.000000 968.000000
226995.000000 989.000000
233881.000000 1029.000000
242071.000000 1068.000000
244157.000000 1080.000000
251933.000000 1120.000000
264095.000000 1198.000000
271581.000000 1244.000000
274227.000000 1261.000000
275937.000000 1273.000000
282780.000000 1318.000000
284147.000000 1325.000000
284921.000000 1330.000000
286565.000000 1340.000000
289323.000000 1366.000000
294303.000000 1409.000000
294574.000000 1411.000000
298469.000000 1438.000000
299439.000000 1446.000000
310496.000000 1530.000000
322886.000000 1637.000000
331094.000000 1712.000000
339047.000000 1786.000000
340773.000000 1801.000000
356205.000000 1968.000000
362079.000000 2038.000000
374071.000000 2182.000000
